2 0.2880859375 0.74609375 0.029296875 0.125
0 0.3291015625 0.748046875 0.033203125 0.10546875
0 0.37109375 0.744140625 0.03125 0.12109375
5 0.4091796875 0.7421875 0.029296875 0.1171875
13 0.4677734375 0.740234375 0.068359375 0.14453125
0 0.5322265625 0.73828125 0.033203125 0.1171875
1 0.5693359375 0.744140625 0.021484375 0.12890625
14 0.6318359375 0.74609375 0.060546875 0.1796875
1 0.6884765625 0.74609375 0.021484375 0.125
0 0.728515625 0.740234375 0.03515625 0.12890625
15 0.7890625 0.7421875 0.05859375 0.140625
